498735	16	3	15	1941	4
498736	73	6	76	8117	1
498737	31	19	41	6356	4
498738	78	3	8	616	4
498739	17	27	89	7044	0
498740	98	78	53	7985	1
498741	11	3	79	483	0
498742	20	8	77	341	0
498743	86	06	9	7699	3
498744	43	56	38	2704	0
498745	64	84	62	9156	5
498746	76	25	79	4508	0
498747	28	24	31	9556	0
498748	97	39	83	1736	0
498749	49	26	74	7975	5
498750	11	68	86	9387	0
498751	65	52	34	5524	0
498752	27	05	77	2741	0
498753	83	07	76	5191	0
498754	91	1	34	328	0
498755	67	50	5	6018	0
498756	84	52	75	7438	0
498757	48	18	89	3371	0
498758	58	58	64	3216	3
498759	73	11	79	2988	4
498760	90	40	41	136	5
498761	26	2	67	7032	3
498762	37	3	56	6657	3
498763	18	3	83	3160	0
498764	84	6	8	3204	4
498765	93	7	48	6780	0
498766	41	50	71	93	0
498767	77	18	79	4603	0
498768	87	66	20	1861	4
498769	83	58	67	8346	4
498770	25	53	29	84	2
498771	98	20	35	5723	0
498772	39	68	23	2707	0
498773	1	29	3	1936	1
498774	40	70	28	3616	5
498775	98	58	43	7459	0
498776	88	55	82	1346	0
498777	53	01	52	2254	0
498778	10	79	37	3797	0
498779	1	22	63	4428	0
498780	63	92	78	4760	0
498781	43	07	76	5953	0
498782	12	14	9	7315	0
498783	66	88	57	7460	4
498784	13	94	6	8809	0